1 3
2 6
4 12
6 18
9 27
12 36
16 48
20 60
25 75
30 90
36 108
42 126
49 147
56 168
64 192
72 216
81 243
90 270
100 300
110 330
121 363
132 396
144 432
156 468
169 507
182 546
196 588
210 630
225 675
240 720
256 768
272 816
289 867
306 918
324 972
342 1026
361 1083
380 1140
400 1200
420 1260
441 1323
462 1386
484 1452
506 1518
529 1587
552 1656
576 1728
600 1800
625 1875
650 1950
676 2028
702 2106
729 2187
756 2268
784 2352
812 2436
841 2523
870 2610
900 2700
930 2790
961 2883
992 2976
1024 3072
1056 3168
1089 3267
1122 3366
1156 3468
1190 3570
1225 3675
1260 3780
1296 3888
1332 3996
1369 4107
1406 4218
1444 4332
1482 4446
1521 4563
1560 4680
1600 4800
1640 4920
1681 5043
1722 5166
1764 5292
1806 5418
1849 5547
1892 5676
1936 5808
1980 5940
2025 6075
2070 6210
2116 6348
2162 6486
2209 6627
2256 6768
2304 6912
2352 7056
2401 7203
