10 30
112 336
304 912
200 600
203 609
24 72
154 462
200 600
110 330
308 924
475 1425
228 684
368 1104
168 504
66 198
510 1530
400 1200
576 1728
150 450
168 504
88 264
26 78
378 1134
26 78
572 1716
264 792
30 90
39 117
168 504
135 405
50 150
54 162
84 252
108 324
44 132
143 429
36 108
252 756
210 630
360 1080
2 6
348 1044
33 99
90 270
210 630
27 81
21 63
58 174
120 360
340 1020
140 420
90 270
504 1512
231 693
486 1458
216 648
34 102
100 300
115 345
68 204
52 156
676 2028
522 1566
30 90
208 624
102 306
32 96
522 1566
42 126
280 840
243 729
42 126
308 924
238 714
30 90
600 1800
36 108
42 126
513 1539
616 1848
33 99
234 702
494 1482
196 588
184 552
196 588
54 162
128 384
216 648
420 1260
230 690
650 1950
840 2520
117 351
348 1044
144 432
200 600
100 300
78 234
60 180
