3 5
1 4 6
4 6;6 4
3 6
1 3 4 9
4 9;4 3;4 1
3 5
1 2 4 8 10
4 8;4 2;4 1
3 5
1 3 4 5 7 10
4 7;4 1;4 3
4 8
1 4 5 7 8 9 10
1 4;4 5;7 8;9 10;1 10
2 6
1 3 9 10 15 17 23
1 23;1 9;1 23;9 10;9 10
2 6
1 3 5 7 9 11 13 15 17 19 21 23
1 9;1 15;1 23;23 1;21 9;9 21;11 19
2 8
1 4 6 7 9 10 15 21 24 25 27 28 33
4 9;10 33;28 1;7 6;27 10
4 7
1 4 6 7 9 10 15 21 24 25 27 28 33
4 9;10 33;28 1;7 6;27 10
5 7
1 4 5 7 10 11 12 15 17 21 23 24 28 33
1 33;1 4;10 11;1 12;24 28;24 33;28 33
4 6
1 4 6 7 8 9 11 15 16 19 23 25 29 33 36 38 41 44 49 54 55 56 60
1 4;6 7;8 9;1 8;11 15;1 60;60 1;23 25;36 11
3 4
1 4 6 7 8 9 11 15 16 19 23 25 29 33 36 38 41 44 49 54 55 56 60
1 4;6 7;8 9;1 8;11 15;1 60;60 1;23 25;36 11
4 6
1 5 6 7 9 11 14 17 21 22 24 26 28 30 33 34 37 38 39 44 45 48 51
1 6;7 9;1 51;48 51;1 17;21 22;26 28;30 51;38 1
3 6
1 3 5 6 7 9 11 14 17 21 22 24 26 28 30 33 34 37 38 39 44 45 48 51
1 6;7 9;1 51;48 51;1 17;21 22;26 28;30 51;38 1
1 10
1 2 3 4 5 6 7 8 9 10 11 12 13 14 15 16 17 18 19 20 21 22 23 24 25 26 27 28 29 30
1 30;1 12;1 17;10 21;15 30
3 5
1 2 3 4 5 6 7 8 9 10 11 12 13 14 15 16 17 18 19 20 21 22 23 24 25 26 27 28 29 30 31
1 30;1 12;1 17;10 21;15 30
3 7
1 3 4 5 7 10 13 15 20 21 22 24 25 28 29 33 35 37 40 45 50 52 54 57 61 65 66 70 73 78 79 83 88 89 94 95 97 100
1 100;28 29;20 21;20 70;88 89;10 20;1 28;1 3;3 4;5 97;52 13