1
2

2
1
4
1
1 2
1 2 3
4


1 2 3
8
1
2
1 3
2 4 
4 5
3 6
5 6
5
1
1 2
1 2 3
1 2 3 4
6

1
1
2
2
9
1
1  
1
3 4
2 3
1
4 5
3 4 7 8
4
1
2
3
5
1
2
3
4
7
1
2
3
4
5
1 6
18
1
2
3
4
5
5 6


9
8 9 10
7 11
12
7 13
7 14
15
16
1 15 17
20
1
2
2
4
5
5
7


9 10
9 10 11
8 9 12
13
14
15
16
16 17
4 18
14 15 19
7
1
1 2
1 3
4
3
3
19
1
2
2
4
5
5
7


9 10
9 10 11
8 9 12
13
14
15
16
16 17
4 18
18
1
2
2
4
5
5
7


9 10
9 10 11
8 9 12
13
14
15
16
16 17
17
1
2
2
4
5
5
7


9 10
9 10 11
8 9 12
13
14
15
16
16
1
2
2
4
5
5
7


9 10
9 10 11
8 9 12
13
14
15
15
1
2
2
4
5
5
7
4
5
9 10
3 9 10 11
8 9 12
13
14
21
1
2
2
4
5
5
7


9 10
9 10 11
8 9 12
13
14
15
16
16 17
4 18
14 15 19
3
22
1
2
2
4
5
5
7


9 10
9 10 11
8 9 12
13
14
15
16
16 17
4 18
14 15 19
3
9 11
23
1
2
2
4
5
5
7


9 10
9 10 11
8 9 12
13
14
15
16
16 17
4 18
14 15 19
3
9 11
