2 500
3 1000
4 1500
5 1700
6 2000
7 2670
8 3012
9 5458
11 7912
12 7963
13 13015
14 9825
14 9962
16 15711
17 18450
18 19514
19 18935
20 23235
21 25010
23 30428
24 30034
25 38466
29 50668

EXACTO
2 13780
3 18620
4 12051
6 43116
7 78966
8 193040
9 409041
9 423646

11 1151377
12 2125996
13 4537296
14 10902185
16 51190192
17 97420563

LS
2 65954
3 83058
4 104345
6 123837
7 98449
8 108475
9 358690
11 487249
12 624727
13 1092121
14 992561
16 1481057
17 2143583
18 2057140
19 3077293
20 3670648
21 4032859
23 6216652
24 5035578
25 6647025
29 8507492

grasp con distinto k
2 8590681
3 8807362
4 9006577
5 9121282
6 9791799
7 9206348
8 9672646
9 9030090
10 9062358
11 9382981
12 9338950
13 9462004
14 8913880
15 8786014
16 8926080
17 9344976
18 9197413
19 9021225
20 9204234
21 9400221
22 8959422
23 9034735
24 9567237
25 9037626
26 9134152
27 9153219
28 9160516

